4294967278,295
4294967279,233
12,222
13,71
12,221
12,220
12,219
12,218
13,70
12,217
12,216
12,215
12,214
12,213
12,212
12,18
12,211
12,210
13,69
12,14
13,68
12,209
12,208
12,207
12,206
12,205
12,204
12,203
12,202
12,201
13,67
4294967279,221
12,200
12,199
12,198
12,197
12,196
12,195
12,9
12,8
12,194
12,193
13,66
4294967279,231
4294967278,292
13,65
4294967279,447
12,191
12,190
12,189
12,188
4294967279,446
4294967279,445
4294967279,444
4294967279,443
4294967278,290
12,187
12,186
12,185
12,184
12,183
12,182
13,64
12,181
12,192
12,180
12,179
12,178
12,177
13,41
12,176
12,175
12,174
12,173
12,172
12,171
12,170
13,40
12,169
12,168
13,39
13,38
4294967279,442
4294967278,281
4294967278,279
4294967279,441
4294967278,278
4294967278,277
4294967279,440
12,167
12,166
12,165
12,164
13,37
12,163
4294967278,552
4294967278,273
12,40
12,39
4294967278,267
4294967279,439
4294967278,383
4294967278,382
4294967278,535
4294967279,438
4294967279,437
4294967278,381
12,162
12,37
12,32
12,161
12,160
12,159
12,158
12,157
12,156
12,155
4294967279,436
13,21
13,36
12,154
13,35
12,153
12,152
12,151
12,150
12,149
12,35
12,33
4294967278,380
11,74
11,73
11,72
11,71
11,70
11,69
11,68
11,67
11,66
11,65
11,64
11,177
11,176
11,175
11,174
11,173
11,172
11,171
4294967278,379
11,170
11,169
11,168
11,167
11,166
11,165
11,164
11,163
11,162
11,161
11,160
11,159
11,158
4294967278,378
11,157
4294967278,227
12,148
12,147
13,34
11,156
4294967279,435
4294967279,434
4294967278,377
4294967279,433
4294967278,376
4294967278,375
4294967278,374
4294967279,432
12,146
12,145
4294967278,373
12,144
12,143
4294967278,372
4294967279,431
4294967279,430
11,155
4294967279,429
4294967279,428
4294967279,261
11,154
11,139
11,138
11,255
11,254
11,253
11,252
11,251
11,250
11,249
11,248
11,247
11,246
4294967278,371
4294967279,427
4294967278,370
4294967278,369
4294967279,426
12,142
12,141
12,140
4294967279,425
13,33
12,139
12,138
4294967278,368
12,137
12,136
12,135
12,134
4294967279,424
4294967279,423
4294967278,367
12,133
12,132
13,32
12,127
12,126
12,125
12,124
12,123
13,31
11,244
4294967278,366
4294967279,422
12,122
12,121
12,120
4294967279,421
11,243
11,242
11,241
11,240
11,239
11,238
11,237
11,236
11,235
11,234
11,233
11,231
11,230
4294967279,420
11,192
11,153
4294967278,345
4294967278,341
4294967278,365
4294967279,419
4294967293,131
4294967293,130
4294967293,129
4294967293,128
4294967293,127
4294967293,126
4294967293,125
4294967293,124
4294967293,123
4294967293,122
4294967293,121
4294967293,120
4294967293,119
4294967293,118
4294967293,117
4294967293,116
4294967293,115
4294967293,114
4294967293,113
4294967293,112
4294967293,111
4294967293,110
4294967293,109
4294967293,108
4294967293,107
4294967293,106
4294967293,105
4294967293,104
4294967293,103
4294967293,102
4294967293,101
4294967293,100
4294967293,99
4294967293,98
4294967293,97
4294967293,96
4294967293,95
4294967293,94
4294967293,93
4294967293,92
4294967293,91
4294967293,90
4294967293,89
4294967293,88
4294967293,87
4294967293,86
4294967293,85
4294967293,84
4294967293,83
4294967293,82
4294967293,81
4294967293,80
4294967293,79
4294967293,78
4294967293,77
4294967293,76
4294967293,75
4294967293,74
4294967293,73
4294967293,72
4294967293,71
4294967293,70
4294967293,69
4294967293,68
4294967293,67
4294967293,66
4294967293,65
4294967293,64
4294967293,63
4294967293,62
4294967293,61
4294967293,60
4294967293,59
4294967293,58
4294967293,57
4294967293,56
4294967293,55
4294967293,54
4294967293,53
4294967293,52
4294967293,51
4294967293,50
4294967293,49
4294967293,48
4294967293,47
4294967293,46
4294967293,45
4294967293,44
4294967293,43
4294967293,42
4294967293,41
4294967293,40
4294967293,39
4294967293,38
4294967293,37
4294967293,36
4294967293,35
4294967293,34
4294967293,33
4294967293,32
4294967293,31
4294967293,30
4294967293,29
4294967293,28
4294967293,27
4294967293,26
4294967293,25
4294967293,24
4294967293,23
4294967293,22
4294967293,21
4294967293,20
4294967293,19
4294967293,18
4294967293,17
4294967293,16
4294967293,15
4294967293,14
4294967293,13
4294967293,12
4294967293,11
4294967293,10
4294967293,9
4294967293,8
4294967293,7
4294967293,6
4294967293,5
4294967293,4
4294967293,3
4294967293,2
4243767290,0
4243767289,0
4243767288,0
4243767287,0
4243767286,0
4243767285,0
4243767284,0
4243767283,0
4243767282,0
4243767281,0
4294967293,0
4294967279,199
4294967279,83
4294967279,200
4294967279,84
4294967279,85
4294967279,201
4294967279,319
4294967279,320
4294967279,86
4294967279,203
4294967279,202
4294967279,321
4294967279,87
4294967279,204
4294967279,89
4294967279,90
4294967279,322
4294967279,91
4294967279,324
4294967279,411
4294967279,205
4294967279,206
4294967279,207
4294967279,208
4294967279,92
4294967279,93
4294967279,94
4294967279,95
4294967279,344
4294967279,394
